18944 
94847 
93893 
37174 
77982 
31706 
67726 
71456 
40482 
14585 
57069 
40699 
48676 
23514 
36128 
19869 
53224 
23070 
69524 
24599 
41935 
47751 
22288 
48293 
18945 
77769 
65140 
11513 
89714 
52610 
27185 
83658 
91134 
53850 
55054 
10212 
54102 
21657 
74862 
24811 
44850 
37491 
39163 
30157 
72424 
43654 
49496 
35899 
82281 
97192 
46034 
88365 
78817 
75589 
97939 
48643 
76050 
25408 
16067 
76415 
39296 
57548 
79498 
27852 
82634 
78249 
56840 
12951 
13039 
22477 
88807 
42685 
93702 
49909 
40950 
17686 
98863 
57293 
42078 
85441 
26599 
31809 
40119 
76115 
81044 
57936 
23584 
46888 
15361 
63692 
52670 
60619 
13696 
89912 
72773 
83210 
81206 
77155 
47208 
27327 
96293 
94802 
50909 
52198 
51653 
32519 
42094 
30025 
79623 
21295 
86206 
28359 
87017 
24615 
29542 
62901 
99146 
93075 
12847 
11612 
51369 
18870 
61738 
90693 
93786 
57197 
77071 
65104 
29984 
54425 
40618 
35774 
78840 
80413 
39217 
93831 
32680 
59870 
36131 
71258 
46357 
46740 
96459 
52806 
46820 
30526 
29428 
21148 
84200 
36356 
25777 
29472 
68046 
37179 
53210 
68886 
38812 
70453 
35806 
76766 
41867 
80657 
60247 
75830 
47465 
70411 
10471 
71528 
10691 
70085 
81136 
73681 
93864 
16042 
19117 
39492 
25417 
85049 
30406 
13936 
55243 
64181 
98237 
23552 
41294 
67196 
64661 
59452 
92837 
36014 
46410 
45131 
95566 
32847 
42927 
17116 
18876 
43451 
30220 
26157 
26861 
76012 
64192 
28946 
63292 
23478 
45638 
62148 
15588 
61594 
43461 
56158 
64821 
71462 
19014 
54415 
10780 
81105 
17184 
93701 
63671 
42812 
40766 
99854 
89526 
59515 
83921 
37583 
94103 
58212 
18584 
68062 
20139 
42424 
65341 
36194 
84111 
87601 
47336 
75923 
19615 
46509 
12075 
66851 
95505 
81644 
57336 
12682 
52826 
62855 
92119 
32885 
75637 
28707 
45032 
58498 
85626 
60072 
73172 
19185 
84031 
22488 
22074 
68023 
91623 
33490 
88696 
48398 
60841 
75629 
63314 
31311 
23917 
27798 
48238 
28428 
17958 
14206 
13904 
89364 
49166 
34424 
57587 
37012 
87711 
51942 
67747 
90926 
42892 
81837 
97461 
84405 
96786 
87719 
99414 
16685 
92494 
50709 
88473 
90391 
12159 
41424 
61248 
12277 
70185 
52564 
90462 
54612 
36957 
99626 
74461 
52764 
39568 
59180 
79871 
80594 
38245 
16766 
97273 
63895 
14683 
21429 
11489 
31788 
92919 
32081 
94955 
46573 
31615 
43751 
64967 
43567 
92406 
31462 
94913 
49742 
37148 
73210 
34140 
98962 
59416 
65077 
76448 
75645 
88343 
62221 
16215 
17452 
22985 
70440 
12100 
94845 
35379 
23269 
46025 
88652 
38841 
50077 
65896 
87949 
44934 
30760 
41302 
69787 
58816 
69377 
19377 
31559 
94937 
66329 
81585 
70384 
83758 
97318 
54935 
44104 
37414 
39932 
21164 
20226 
15034 
57192 
64008 
73625 
61123 
75907 
54845 
20037 
80669 
42188 
22974 
77086 
91679 
52264 
67647 
53545 
66273 
17748 
84923 
22010 
74303 
99586 
63990 
18839 
15584 
95309 
39376 
93614 
58781 
47844 
10765 
61349 
85686 
82542 
43208 
96568 
54906 
70032 
47768 
58932 
12943 
56429 
96596 
11965 
99730 
86594 
42049 
19333 
10197 
71145 
22777 
51275 
31605 
21126 
78695 
14591 
72862 
91673 
94405 
42737 
66822 
11928 
97867 
20453 
29753 
28106 
33749 
69689 
87973 
39634 
29043 
12534 
98827 
50279 
79552 
48382 
69488 
90802 
56253 
82457 
43272 
69955 
35744 
90267 
77933 
88884 
94463 
73911 
13999 
65181 
20556 
64565 
38024 
43790 
77458 
56630 
95681 
65381 
87770 
97854 
34976 
19094 
33712 
90408 
93191 
91732 
65511 
29134 
76517 
10213 
34474 
91075 
46159 
91998 
13733 
74667 
19170 
20715 
47230 
15999 
81634 
54188 
74813 
17109 
32457 
76430 
29624 
85473 
40572 
29607 
30213 
47775 
86680 
46833 
48630 
54046 
23735 
80324 
50040 
53711 
61254 
34102 
59675 
28571 
13257 
44802 
82857 
44862 
96280 
35949 
34949 
51993 
32228 
82185 
53353 
13317 
57354 
24588 
61603 
80008 
49943 
84307 
45773 
36986 
29364 
20558 
44114 
88385 
42932 
96098 
96999 
90750 
64574 
18171 
50769 
93931 
89260 
14790 
67994 
12061 
47020 
48991 
56852 
70634 
54495 
82926 
67073 
98886 
21988 
17454 
79488 
60506 
73047 
66249 
31977 
63947 
54164 
29541 
63772 
67198 
24815 
71105 
67768 
42104 
64630 
49050 
92251 
82298 
87431 
48735 
63297 
10242 
15536 
68342 
26369 
96578 
80436 
68000 
79933 
63448 
15201 
96589 
20892 
51320 
89063 
65447 
69822 
42234 
85711 
68441 
16247 
79340 
47625 
23346 
13216 
46823 
34734 
31009 
30966 
29816 
44296 
91146 
87497 
32766 
51035 
71296 
75426 
28710 
21499 
49897 
11047 
19301 
71952 
53953 
65252 
11297 
69216 
75593 
64588 
33596 
87795 
75735 
18984 
70964 
25012 
64376 
79130 
70928 
28105 
75311 
64681 
80149 
83384 
81964 
61988 
78530 
25077 
26746 
79841 
80091 
74009 
22015 
43335 
67290 
26972 
52053 
71797 
29863 
58622 
39688 
98551 
32935 
21503 
43145 
52037 
31154 
78771 
74726 
22627 
91490 
12378 
13791 
92309 
97743 
46991 
43379 
68578 
20747 
57979 
80764 
59937 
38023 
36777 
11134 
47553 
51697 
59588 
85954 
95116 
78383 
74457 
44750 
96943 
70595 
38495 
99282 
19789 
14657 
30453 
93006 
15549 
33189 
93264 
16879 
46625 
88328 
57696 
60422 
83887 
92370 
41866 
34293 
83169 
34596 
19560 
19908 
63265 
19655 
16129 
17838 
70807 
62466 
57211 
60411 
21273 
59649 
73223 
58619 
35738 
27293 
67969 
92182 
39381 
68568 
58113 
97245 
75766 
91865 
12934 
76019 
48986 
73496 
93379 
88146 
47797 
33006 
42707 
23721 
86828 
14394 
61565 
54593 
85724 
64482 
43344 
95699 
35083 
11406 
97112 
98420 
39795 
57669 
78923 
63818 
17069 
71609 
11979 
91958 
63742 
34252 
68540 
50641 
47078 
53520 
79753 
31556 
86806 
64837 
46299 
10178 
51271 
70164 
75382 
96328 
14474 
73953 
41992 
20774 
38943 
50706 
32552 
69499 
82320 
14284 
21129 
26033 
95841 
75943 
74166 
27422 
99070 
67909 
68155 
46712 
89923 
52140 
44691 
22882 
27130 
87675 
89247 
65642 
62227 
79684 
58150 
38963 
91347 
74372 
79880 
15344 
81435 
31720 
20893 
21428 
77219 
93168 
46470 
13916 
44571 
78253 
53441 
56604 
83031 
73221 
70286 
23558 
62792 
91565 
87897 
24942 
77979 
90706 
17540 
18849 
83764 
28524 
93176 
50231 
84711 
72984 
71275 
52221 
30372 
30491 
93725 
46123 
92682 
16791 
57080 
47889 
16588 
14075 
80217 
98665 
48993 
91736 
22932 
33131 
37822 
10510 
76205 
17602 
21795 
70951 
50038 
52201 
28495 
15447 
59435 
98043 
22452 
35291 
63005 
14067 
82541 
29993 
85783 
23967 
57653 
10791 
37026 
79495 
97207 
24762 
24334 
27419 
79024 
86102 
46419 
34920 
58941 
17314 
17973 
24639 
42333 
13105 
91291 
23180 
84749 
87013 
88076 
77537 
91923 
55594 
76558 
92161 
39570 
56125 
86910 
65214 
69772 
31965 
10787 
77598 
56571 
42570 
41380 
86959 
81566 
30393 
55306 
66852 
58522 
13778 
86536 
42608 
20104 
63473 
62223 
87086 
87362 
16601 
88987 
45833 
54847 
41811 
86186 
85959 
84368 
60047 
36271 
34552 
40260 
22485 
12864 
29790 
53753 
95354 
75656 
63218 
72838 
83900 
50686 
73375 
44389 
37107 
42017 
40010 
24899 
88484 
54749 
56650 
24261 
30705 
84721 
57738 
58394 
86517 
18834 
19773 
62524 
71111 
16209 
87316 
15921 
83605 
51080 
16575 
31651 
66721 