47230
63037
35622
43365
51397
96051
11902
76965
93061
31152
76739
45538
35141
84329
58619
55004
66466
22452
10212
76499
93701
75200
79000
64117
83950
10212
58619
69837
28488
69684
48656
15787
84764
57354
10212
81939
54749
95309
70479
93701
72214
15131
41356
79478
44104
68485
85056
85495
21503
58619
41302
22452
42083
15628
36953
16469
18546
10212
25012
75766
87007
55243
79292
49166
96695
96938
93780
28946
49166
10074
10212
85959
83921
29611
16129
99806
29649
41383
42809
75766
22452
40317
89377
72872
44280
31570
44970
96589
55594
74559
31750
18861
27415
47230
84214
16630
82152
25012
96589
75766
75766
18939
40761
69276
96252
47906
49166
74276
29594
75766
58773
12935
93701
51435
91998
80808
48462
83501
71229
67385
87988
10212
69411
31667
74967
86660
54749
57354
83935
69634
79059
16648
16210
56785
25298
50040
55594
50040
67911
97112
91998
54902
90222
28324
56708
35626
44549
28946
41021
29549
75766
66900
91615
84320
97112
70490
50077
22452
71290
76089
33965
49842
21877
16129
22452
47230
40477
65211
39320
13626
51123
88207
90161
21503
14263
26125
93176
64490
28946
40223
10212
75766
22179
30923
48019
55243
29550
93701
97112
48646
91998
32289
58325
92161
47621
44104
44104
64810
55654
47230
45774
28557
79495
12740
61488
61247
59390
25012
79809
54593
75119
26910
16129
42138
52709
31726
26628
13443
47230
63170
23085
70453
21503
41302
47230
92251
75766
93701
23018
75766
54593
54088
67251
20275
22452
44104
62555
57354
83921
91998
83340
21503
82277
96589
93701
32516
17727
90905
68088
40799
83921
93701
70453
86404
97112
47961
17279
85959
75766
73497
93176
20544
28656
96589
31654
29082
22485
91998
92396
57133
28896
91998
19993
99891
15083
26662
72086
87315
66292
35379
58278
80519
72976
97112
55243
61233
12348
25573
75766
50805
76662
25012
47230
97112
11771
57613
44104
76415
31588
56730
44104
49166
57226
21503
93176
38541
76530
25944
78976
40838
48804
59795
13839
34793
95283
97112
79495
47245
52603
55243
66083
43338
76415
41198
93701
89099
90022
26879
54593
86933
84391
22452
42601
44457
51858
69674
82620
28164
49166
49166
34928
80693
57315
73007
71889
91998
19777
41302
83948
59065
21677
43833
72336
16029
92161
54749
10212
12087
41302
43913
87596
50040
73959
55243
10212
47230
49904
83921
22452
22485
27836
35736
96589
41302
22452
55243
96172
83921
75386
22452
92161
97112
57354
22452
15919
50077
33251
44104
40465
21503
52138
59531
35709
77686
97112
67863
54593
20578
24554
76415
85928
77484
54749
94320
57354
79495
55243
49141
97102
58619
14103
28946
11125
49166
75766
80715
94639
99196
44104
11863
44104
85959
83921
57354
96675
75708
92161
25012
18778
77443
93701
58028
54304
18400
47230
44661
96589
49166
16129
18769
72342
37147
41856
10212
22485
93930
73377
28789
37705
77935
93176
54749
91998
85959
44104
57012
41302
58619
18828
75766
84374
35561
44588
50040
69756
97112
50087
76407
26120
91732
83036
64378
87984
27992
85959
57551
32462
69595
55243
85959
69043
87279
39331
91998
67478
37381
58619
10212
19790
58843
23878
21503
20494
51669
83609
21503
93701
30508
84073
91214
25591
16688
33434
77375
55243
44104
73312
18668
22452
55594
93176
50077
66588
85959
57354
24686
30358
97523
83004
87200
87730
32331
49166
81539
58619
93176
12949
47077
24082
93176
40295
92251
20459
27052
35330
47729
54593
82337
47230
42380
72523
49166
54293
73229
21503
16129
17585
93701
92398
54749
91773
90896
78656
25740
24584
81203
21503
94095
93176
53549
93701
54749
41302
82333
25012
93176
79495
28946
52120
54313
25164
33312
10212
58619
55243
93701
13046
50040
58619
56809
28640
49818
23781
44663
46771
19826
36395
92161
90814
97112
84056
96191
10212
55243
80824
69322
82624
92957
15335
10920
33091
54593
10212
75766
55594
55243
17782
76245
25012
47803
26624
97112
85959
45152
57163
12437
97112
44104
62410
11109
62522
93176
43586
76415
10212
55243
55243
98182
83921
93701
75602
83921
55644
29216
53928
44892
63943
47230
33871
27248
22452
23770
82627
50713
40595
68992
92161
83921
46123
75766
50077
47230
49779
79495
91817
72933
84903
89143
96589
97112
58619
89474
53663
93176
93176
54753
48683
70453
87355
22485
61312
86934
87030
47014
75766
54749
63537
72016
79449
58619
91998
54593
81031
10488
21503
21503
37930
47481
49166
54749
80861
73245
55594
43268
35055
36843
76415
79495
22452
88263
21503
23198
48662
67297
41302
85959
31234
16129
93292
34741
22452
41302
76547
40208
50077
70606
18759
62378
51563
38878
27454
49166
81581
57686
76071
46014
43382
58619
22452
27565
93176
77102
76759
44104
17788
97112
20907
35350
31884
11323
52518
97420
40446
43023
35379
41469
90083
74124
36845
38641
54749
25012
21605
48770
59580
29227
97112
66473
18440
79994
35379
50880
22452
32957
21503
25992
12351
38997
90114
25012
49166
97112
76321
10212
41302
17287
10024
58619
26084
66795
14997
83481
62283
58619
25578
85959
78396
77295
35061
53643
34592
50040
74994
84339
18893
52647
22452
46788
97112
47230
49166
45525
41302
35506
18163
54749
94117
49792
85487
55594
38411
21503
20217
95309
45279
93176
44104
93176
54749
66254
51315
18761
41302
19736
42772
79221
44220
15945
49166
22021
53735
95309
53573
97112
50254
79652
22799
54343
10212
75448
69271
59124
57354
85959
85602
71319
93833
79844
55243
90862
46204
61262
48178
81415
91998
16518
83921
44104
47230
52209
47230
11747
41302
58619
52746
29982
75766
25011
50855
59729
81297
48108
96589
70670
55243
41302
78151
69055
77210
43894
93265
35218
62616
55594
93701
16129
73598
42046
70569
75766
54749
31377
10212
21992
25012
96165
59975
72432
52100
58619
22111
55594
49166
88906
72863
93701
75966
17800
54562
11321
49166
61455
70453
72312
76831
39302
40186
98335
49166
87375
98205
52198
47230
67158
87324
69424
35102
58619
60084
47557
75766
25012
54355
83921
93619
68150
46042
55243
37677
30036
34684
87858
44104
71928
54593
91638
41606
85959
67538
10212
51946
55594
25012
44104
55243
10212
50040
41302
47230
76415
48161
57354
25012
75766
54749
94926
99080
55243
92251
70114
66217
86625
47230
20626
40350
41302
52198
79495
16129
90297
61453
15943
22452
58404
83818
58760
67066
67505
55594
49166
18019
54448
96301
22485
39505
21276
32589
21128
49166
94774